# GNUBANDS: Utility for SIESTA to transform bands output into Gnuplot format
#
#                                                  Emilio Artacho, Feb. 1999
#                                                   Alberto Garcia, May 2012
#                                           Nick Papior, April 2013, July 2016
# --------------------------------------------------------------------------
# E_F               =    -7.3504
# k_min, k_max      =     0.0000    2.1399
# E_min, E_max      =   -27.5574   16.3416
# Nbands, Nspin, Nk =      8     1   129
# Using min_band, max_band =      1     8
# Total number of bands =      8
#
#        k            E
# --------------------------------------------------------------------------

      0.000000    -20.599900  1
      0.016748    -20.731200  1
      0.033495    -20.880100  1
      0.050243    -21.043200  1
      0.066991    -21.217500  1
      0.083739    -21.400400  1
      0.100486    -21.589700  1
      0.117234    -21.783700  1
      0.133982    -21.980800  1
      0.150730    -22.180000  1
      0.167477    -22.380200  1
      0.184225    -22.580600  1
      0.200973    -22.780500  1
      0.217721    -22.979400  1
      0.234468    -23.176800  1
      0.251216    -23.372300  1
      0.267964    -23.565500  1
      0.284711    -23.756000  1
      0.301459    -23.943700  1
      0.318207    -24.128100  1
      0.334955    -24.309200  1
      0.351702    -24.486600  1
      0.368450    -24.660200  1
      0.385198    -24.829800  1
      0.401946    -24.995200  1
      0.418693    -25.156300  1
      0.435441    -25.313000  1
      0.452189    -25.465100  1
      0.468936    -25.612500  1
      0.485684    -25.755100  1
      0.502432    -25.892800  1
      0.519180    -26.025400  1
      0.535927    -26.153000  1
      0.552675    -26.275400  1
      0.569423    -26.392600  1
      0.586171    -26.504500  1
      0.602918    -26.610900  1
      0.619666    -26.711900  1
      0.636414    -26.807500  1
      0.653162    -26.897500  1
      0.669909    -26.981800  1
      0.686657    -27.060600  1
      0.703405    -27.133700  1
      0.720152    -27.201000  1
      0.736900    -27.262600  1
      0.753648    -27.318400  1
      0.770396    -27.368500  1
      0.787143    -27.412700  1
      0.803891    -27.451000  1
      0.820639    -27.483500  1
      0.837387    -27.510100  1
      0.854134    -27.530800  1
      0.870882    -27.545600  1
      0.887630    -27.554500  1
      0.904377    -27.557400  1
      0.921042    -27.554500  1
      0.937707    -27.545700  1
      0.954372    -27.531100  1
      0.971037    -27.510600  1
      0.987702    -27.484200  1
      1.004367    -27.452100  1
      1.021031    -27.414100  1
      1.037696    -27.370300  1
      1.054361    -27.320800  1
      1.071026    -27.265500  1
      1.087691    -27.204500  1
      1.104356    -27.137800  1
      1.121021    -27.065500  1
      1.137685    -26.987500  1
      1.154350    -26.904000  1
      1.171015    -26.814900  1
      1.187680    -26.720300  1
      1.204345    -26.620300  1
      1.221010    -26.514900  1
      1.237674    -26.404200  1
      1.254339    -26.288300  1
      1.271004    -26.167200  1
      1.287669    -26.041000  1
      1.304334    -25.909700  1
      1.320999    -25.773600  1
      1.337664    -25.632600  1
      1.354328    -25.487000  1
      1.370993    -25.336700  1
      1.387658    -25.182000  1
      1.404323    -25.023000  1
      1.420988    -24.859900  1
      1.437653    -24.692900  1
      1.454318    -24.522100  1
      1.470982    -24.348000  1
      1.487647    -24.170600  1
      1.504312    -23.990600  1
      1.520977    -23.808300  1
      1.537642    -23.624300  1
      1.554307    -23.439600  1
      1.570972    -23.255300  1
      1.587636    -23.073200  1
      1.604301    -22.895900  1
      1.620966    -22.727600  1
      1.637631    -22.574600  1
      1.654296    -22.447400  1
      1.670961    -22.360400  1
      1.687625    -22.329000  1
      1.704375    -22.326500  1
      1.721125    -22.319000  1
      1.737875    -22.306500  1
      1.754625    -22.289000  1
      1.771375    -22.266600  1
      1.788125    -22.239100  1
      1.804875    -22.206800  1
      1.821625    -22.169600  1
      1.838375    -22.127500  1
      1.855125    -22.080600  1
      1.871875    -22.028900  1
      1.888625    -21.972500  1
      1.905374    -21.911400  1
      1.922124    -21.845800  1
      1.938874    -21.775500  1
      1.955624    -21.700800  1
      1.972374    -21.621600  1
      1.989124    -21.538000  1
      2.005874    -21.450100  1
      2.022624    -21.358000  1
      2.039374    -21.261700  1
      2.056124    -21.161300  1
      2.072874    -21.056800  1
      2.089624    -20.948400  1
      2.106374    -20.836000  1
      2.123123    -20.719700  1
      2.139873    -20.599900  1


      0.000000    -20.598000  1
      0.016748    -20.474500  1
      0.033495    -20.347000  1
      0.050243    -20.215900  1
      0.066991    -20.081200  1
      0.083739    -19.942900  1
      0.100486    -19.801200  1
      0.117234    -19.656100  1
      0.133982    -19.507700  1
      0.150730    -19.355900  1
      0.167477    -19.200900  1
      0.184225    -19.042800  1
      0.200973    -18.881500  1
      0.217721    -18.717200  1
      0.234468    -18.549800  1
      0.251216    -18.379600  1
      0.267964    -18.206500  1
      0.284711    -18.030600  1
      0.301459    -17.852000  1
      0.318207    -17.670700  1
      0.334955    -17.487000  1
      0.351702    -17.300700  1
      0.368450    -17.112100  1
      0.385198    -16.921300  1
      0.401946    -16.728300  1
      0.418693    -16.533300  1
      0.435441    -16.336500  1
      0.452189    -16.137900  1
      0.468936    -15.937800  1
      0.485684    -15.736300  1
      0.502432    -15.533600  1
      0.519180    -15.330100  1
      0.535927    -15.126000  1
      0.552675    -14.921600  1
      0.569423    -14.717400  1
      0.586171    -14.513600  1
      0.602918    -14.310900  1
      0.619666    -14.109800  1
      0.636414    -13.910900  1
      0.653162    -13.737200  1
      0.669909    -13.817800  1
      0.686657    -13.892800  1
      0.703405    -13.962400  1
      0.720152    -14.026300  1
      0.736900    -14.084800  1
      0.753648    -14.137700  1
      0.770396    -14.185100  1
      0.787143    -14.226800  1
      0.803891    -14.263100  1
      0.820639    -14.293700  1
      0.837387    -14.318800  1
      0.854134    -14.338300  1
      0.870882    -14.352300  1
      0.887630    -14.360600  1
      0.904377    -14.363400  1
      0.921042    -14.360700  1
      0.937707    -14.352400  1
      0.954372    -14.338600  1
      0.971037    -14.319300  1
      0.987702    -14.294400  1
      1.004367    -14.264100  1
      1.021031    -14.228200  1
      1.037696    -14.186800  1
      1.054361    -14.139900  1
      1.071026    -14.087600  1
      1.087691    -14.029700  1
      1.104356    -13.966300  1
      1.121021    -13.897500  1
      1.137685    -13.823200  1
      1.154350    -13.795800  1
      1.171015    -14.011600  1
      1.187680    -14.232800  1
      1.204345    -14.458600  1
      1.221010    -14.688400  1
      1.237674    -14.921500  1
      1.254339    -15.157600  1
      1.271004    -15.396000  1
      1.287669    -15.636500  1
      1.304334    -15.878500  1
      1.320999    -16.121900  1
      1.337664    -16.366200  1
      1.354328    -16.611200  1
      1.370993    -16.856600  1
      1.387658    -17.102100  1
      1.404323    -17.347500  1
      1.420988    -17.592500  1
      1.437653    -17.836900  1
      1.454318    -18.080300  1
      1.470982    -18.322400  1
      1.487647    -18.562900  1
      1.504312    -18.801200  1
      1.520977    -19.036800  1
      1.537642    -19.269200  1
      1.554307    -19.497300  1
      1.570972    -19.719900  1
      1.587636    -19.935400  1
      1.604301    -20.140900  1
      1.620966    -20.332400  1
      1.637631    -20.503400  1
      1.654296    -20.643500  1
      1.670961    -20.738200  1
      1.687625    -20.772200  1
      1.704375    -20.770400  1
      1.721125    -20.765000  1
      1.737875    -20.756100  1
      1.754625    -20.743600  1
      1.771375    -20.727700  1
      1.788125    -20.708400  1
      1.804875    -20.685900  1
      1.821625    -20.660300  1
      1.838375    -20.631800  1
      1.855125    -20.600600  1
      1.871875    -20.567200  1
      1.888625    -20.531700  1
      1.905374    -20.494800  1
      1.922124    -20.456900  1
      1.938874    -20.418900  1
      1.955624    -20.381600  1
      1.972374    -20.346200  1
      1.989124    -20.314300  1
      2.005874    -20.287700  1
      2.022624    -20.268800  1
      2.039374    -20.260500  1
      2.056124    -20.266000  1
      2.072874    -20.288800  1
      2.089624    -20.332000  1
      2.106374    -20.397700  1
      2.123123    -20.486800  1
      2.139873    -20.598000  1


      0.000000    -18.105200  1
      0.016748    -18.093800  1
      0.033495    -18.061500  1
      0.050243    -18.011100  1
      0.066991    -17.945400  1
      0.083739    -17.866900  1
      0.100486    -17.777500  1
      0.117234    -17.679000  1
      0.133982    -17.572500  1
      0.150730    -17.459300  1
      0.167477    -17.340100  1
      0.184225    -17.215800  1
      0.200973    -17.086800  1
      0.217721    -16.953700  1
      0.234468    -16.816900  1
      0.251216    -16.676900  1
      0.267964    -16.533900  1
      0.284711    -16.388200  1
      0.301459    -16.240200  1
      0.318207    -16.090000  1
      0.334955    -15.938000  1
      0.351702    -15.784400  1
      0.368450    -15.629400  1
      0.385198    -15.473300  1
      0.401946    -15.316200  1
      0.418693    -15.158400  1
      0.435441    -15.000200  1
      0.452189    -14.841800  1
      0.468936    -14.683400  1
      0.485684    -14.525400  1
      0.502432    -14.367900  1
      0.519180    -14.211400  1
      0.535927    -14.056100  1
      0.552675    -13.902400  1
      0.569423    -13.750700  1
      0.586171    -13.601400  1
      0.602918    -13.462600  1
      0.619666    -13.559600  1
      0.636414    -13.651100  1
      0.653162    -13.715100  1
      0.669909    -13.523000  1
      0.686657    -13.335800  1
      0.703405    -13.154300  1
      0.720152    -12.979800  1
      0.736900    -12.813500  1
      0.753648    -12.656800  1
      0.770396    -12.511000  1
      0.787143    -12.377700  1
      0.803891    -12.258400  1
      0.820639    -12.154400  1
      0.837387    -12.067100  1
      0.854134    -11.997900  1
      0.870882    -11.948000  1
      0.887630    -11.919600  1
      0.904377    -11.912100  1
      0.921042    -11.917800  1
      0.937707    -11.945200  1
      0.954372    -11.995300  1
      0.971037    -12.064500  1
      0.987702    -12.152100  1
      1.004367    -12.257200  1
      1.021031    -12.378600  1
      1.037696    -12.515300  1
      1.054361    -12.665900  1
      1.071026    -12.829300  1
      1.087691    -13.004200  1
      1.104356    -13.189400  1
      1.121021    -13.383700  1
      1.137685    -13.586200  1
      1.154350    -13.743500  1
      1.171015    -13.658300  1
      1.187680    -13.567700  1
      1.204345    -13.471700  1
      1.221010    -13.370400  1
      1.237674    -13.448200  1
      1.254339    -13.552900  1
      1.271004    -13.655900  1
      1.287669    -13.756700  1
      1.304334    -13.855000  1
      1.320999    -13.950700  1
      1.337664    -14.043300  1
      1.354328    -14.132600  1
      1.370993    -14.218500  1
      1.387658    -14.300800  1
      1.404323    -14.379400  1
      1.420988    -14.454000  1
      1.437653    -14.524500  1
      1.454318    -14.590900  1
      1.470982    -14.653100  1
      1.487647    -14.710900  1
      1.504312    -14.764300  1
      1.520977    -14.813300  1
      1.537642    -14.857700  1
      1.554307    -14.897600  1
      1.570972    -14.932800  1
      1.587636    -14.963400  1
      1.604301    -14.989400  1
      1.620966    -15.010700  1
      1.637631    -15.027200  1
      1.654296    -15.039100  1
      1.670961    -15.046200  1
      1.687625    -15.048600  1
      1.704375    -15.057500  1
      1.721125    -15.084200  1
      1.737875    -15.128400  1
      1.754625    -15.189500  1
      1.771375    -15.266700  1
      1.788125    -15.359100  1
      1.804875    -15.465700  1
      1.821625    -15.585200  1
      1.838375    -15.716500  1
      1.855125    -15.858100  1
      1.871875    -16.008900  1
      1.888625    -16.167300  1
      1.905374    -16.331900  1
      1.922124    -16.501300  1
      1.938874    -16.673800  1
      1.955624    -16.847700  1
      1.972374    -17.021100  1
      1.989124    -17.191800  1
      2.005874    -17.357300  1
      2.022624    -17.514600  1
      2.039374    -17.660500  1
      2.056124    -17.791100  1
      2.072874    -17.902700  1
      2.089624    -17.991600  1
      2.106374    -18.055500  1
      2.123123    -18.093100  1
      2.139873    -18.105200  1


      0.000000     -7.351000  1
      0.016748     -7.525600  1
      0.033495     -7.705500  1
      0.050243     -7.890100  1
      0.066991     -8.078900  1
      0.083739     -8.271300  1
      0.100486     -8.466700  1
      0.117234     -8.664400  1
      0.133982     -8.863900  1
      0.150730     -9.064600  1
      0.167477     -9.265800  1
      0.184225     -9.467100  1
      0.200973     -9.667900  1
      0.217721     -9.867600  1
      0.234468    -10.065900  1
      0.251216    -10.262200  1
      0.267964    -10.456200  1
      0.284711    -10.647400  1
      0.301459    -10.835500  1
      0.318207    -11.020200  1
      0.334955    -11.201300  1
      0.351702    -11.378400  1
      0.368450    -11.551400  1
      0.385198    -11.720100  1
      0.401946    -11.884200  1
      0.418693    -12.043700  1
      0.435441    -12.198400  1
      0.452189    -12.348100  1
      0.468936    -12.492900  1
      0.485684    -12.632500  1
      0.502432    -12.767000  1
      0.519180    -12.896300  1
      0.535927    -13.020300  1
      0.552675    -13.138900  1
      0.569423    -13.252200  1
      0.586171    -13.360100  1
      0.602918    -13.455000  1
      0.619666    -13.311800  1
      0.636414    -13.172400  1
      0.653162    -13.037300  1
      0.669909    -12.907100  1
      0.686657    -12.782300  1
      0.703405    -12.663600  1
      0.720152    -12.551400  1
      0.736900    -12.446500  1
      0.753648    -12.349400  1
      0.770396    -12.260700  1
      0.787143    -12.181000  1
      0.803891    -12.110700  1
      0.820639    -12.050400  1
      0.837387    -12.000400  1
      0.854134    -11.961000  1
      0.870882    -11.932400  1
      0.887630    -11.913200  1
      0.904377    -11.904800  1
      0.921042    -11.915000  1
      0.937707    -11.934600  1
      0.954372    -11.962300  1
      0.971037    -12.000600  1
      0.987702    -12.048900  1
      1.004367    -12.106500  1
      1.021031    -12.172800  1
      1.037696    -12.247000  1
      1.054361    -12.328100  1
      1.071026    -12.415300  1
      1.087691    -12.507700  1
      1.104356    -12.604600  1
      1.121021    -12.705100  1
      1.137685    -12.808300  1
      1.154350    -12.913600  1
      1.171015    -13.020200  1
      1.187680    -13.127600  1
      1.204345    -13.235000  1
      1.221010    -13.342100  1
      1.237674    -13.263700  1
      1.254339    -13.151800  1
      1.271004    -13.034600  1
      1.287669    -12.912300  1
      1.304334    -12.784800  1
      1.320999    -12.652400  1
      1.337664    -12.515100  1
      1.354328    -12.373100  1
      1.370993    -12.226500  1
      1.387658    -12.075600  1
      1.404323    -11.920600  1
      1.420988    -11.761900  1
      1.437653    -11.599800  1
      1.454318    -11.434900  1
      1.470982    -11.267800  1
      1.487647    -11.099300  1
      1.504312    -10.930200  1
      1.520977    -10.761900  1
      1.537642    -10.595800  1
      1.554307    -10.433600  1
      1.570972    -10.277800  1
      1.587636    -10.130900  1
      1.604301     -9.996300  1
      1.620966     -9.877800  1
      1.637631     -9.779400  1
      1.654296     -9.705300  1
      1.670961     -9.659200  1
      1.687625     -9.643400  1
      1.704375     -9.640400  1
      1.721125     -9.631100  1
      1.737875     -9.615600  1
      1.754625     -9.594000  1
      1.771375     -9.566100  1
      1.788125     -9.532000  1
      1.804875     -9.491700  1
      1.821625     -9.445200  1
      1.838375     -9.392400  1
      1.855125     -9.333300  1
      1.871875     -9.267900  1
      1.888625     -9.196300  1
      1.905374     -9.118300  1
      1.922124     -9.033900  1
      1.938874     -8.943200  1
      1.955624     -8.846200  1
      1.972374     -8.742700  1
      1.989124     -8.632700  1
      2.005874     -8.516300  1
      2.022624     -8.393500  1
      2.039374     -8.264100  1
      2.056124     -8.128200  1
      2.072874     -7.985800  1
      2.089624     -7.836900  1
      2.106374     -7.681400  1
      2.123123     -7.519300  1
      2.139873     -7.351000  1


      0.000000     -7.349900  1
      0.016748     -7.174800  1
      0.033495     -6.993200  1
      0.050243     -6.805200  1
      0.066991     -6.610700  1
      0.083739     -6.410000  1
      0.100486     -6.202900  1
      0.117234     -5.989700  1
      0.133982     -5.770500  1
      0.150730     -5.545400  1
      0.167477     -5.314500  1
      0.184225     -5.078200  1
      0.200973     -4.836500  1
      0.217721     -4.589800  1
      0.234468     -4.338300  1
      0.251216     -4.082400  1
      0.267964     -3.822300  1
      0.284711     -3.558600  1
      0.301459     -3.291600  1
      0.318207     -3.021700  1
      0.334955     -2.749500  1
      0.351702     -2.475400  1
      0.368450     -2.200100  1
      0.385198     -1.924100  1
      0.401946     -1.648000  1
      0.418693     -1.372400  1
      0.435441     -1.098100  1
      0.452189     -0.825700  1
      0.468936     -0.555800  1
      0.485684     -0.289200  1
      0.502432     -0.026600  1
      0.519180      0.231400  1
      0.535927      0.483900  1
      0.552675      0.730400  1
      0.569423      0.970200  1
      0.586171      1.202600  1
      0.602918      1.426900  1
      0.619666      1.642600  1
      0.636414      1.849100  1
      0.653162      2.045800  1
      0.669909      2.232200  1
      0.686657      2.407800  1
      0.703405      2.502000  1
      0.720152      2.394800  1
      0.736900      2.297300  1
      0.753648      2.209400  1
      0.770396      2.131100  1
      0.787143      2.062400  1
      0.803891      2.003100  1
      0.820639      1.953000  1
      0.837387      1.912200  1
      0.854134      1.880600  1
      0.870882      1.857800  1
      0.887630      1.842900  1
      0.904377      1.834400  1
      0.921042      1.846600  1
      0.937707      1.859700  1
      0.954372      1.881200  1
      0.971037      1.910200  1
      0.987702      1.945800  1
      1.004367      1.986800  1
      1.021031      2.031900  1
      1.037696      2.079700  1
      1.054361      2.128600  1
      1.071026      2.177400  1
      1.087691      2.224500  1
      1.104356      2.268900  1
      1.121021      2.309500  1
      1.137685      2.242800  1
      1.154350      2.057200  1
      1.171015      1.861000  1
      1.187680      1.654800  1
      1.204345      1.438900  1
      1.221010      1.213900  1
      1.237674      0.980300  1
      1.254339      0.738800  1
      1.271004      0.489800  1
      1.287669      0.234000  1
      1.304334     -0.028000  1
      1.320999     -0.295400  1
      1.337664     -0.567600  1
      1.354328     -0.843700  1
      1.370993     -1.123100  1
      1.387658     -1.404800  1
      1.404323     -1.687900  1
      1.420988     -1.971500  1
      1.437653     -2.254700  1
      1.454318     -2.536100  1
      1.470982     -2.814700  1
      1.487647     -3.089200  1
      1.504312     -3.357900  1
      1.520977     -3.619200  1
      1.537642     -3.871000  1
      1.554307     -4.111200  1
      1.570972     -4.337000  1
      1.587636     -4.545200  1
      1.604301     -4.732400  1
      1.620966     -4.894300  1
      1.637631     -5.026700  1
      1.654296     -5.125300  1
      1.670961     -5.186100  1
      1.687625     -5.206800  1
      1.704375     -5.209100  1
      1.721125     -5.216000  1
      1.737875     -5.227500  1
      1.754625     -5.243900  1
      1.771375     -5.265100  1
      1.788125     -5.291400  1
      1.804875     -5.322900  1
      1.821625     -5.359800  1
      1.838375     -5.402300  1
      1.855125     -5.450800  1
      1.871875     -5.505400  1
      1.888625     -5.566300  1
      1.905374     -5.633900  1
      1.922124     -5.708400  1
      1.938874     -5.790000  1
      1.955624     -5.878800  1
      1.972374     -5.975200  1
      1.989124     -6.079100  1
      2.005874     -6.190700  1
      2.022624     -6.309900  1
      2.039374     -6.436900  1
      2.056124     -6.571400  1
      2.072874     -6.713300  1
      2.089624     -6.862500  1
      2.106374     -7.018600  1
      2.123123     -7.181200  1
      2.139873     -7.349900  1


      0.000000      8.479700  1
      0.016748      8.329800  1
      0.033495      8.180300  1
      0.050243      8.032300  1
      0.066991      7.886000  1
      0.083739      7.741400  1
      0.100486      7.598800  1
      0.117234      7.458100  1
      0.133982      7.319700  1
      0.150730      7.183500  1
      0.167477      7.049600  1
      0.184225      6.918300  1
      0.200973      6.789500  1
      0.217721      6.663400  1
      0.234468      6.540000  1
      0.251216      6.419300  1
      0.267964      6.301400  1
      0.284711      6.186300  1
      0.301459      6.073900  1
      0.318207      5.964300  1
      0.334955      5.857300  1
      0.351702      5.752900  1
      0.368450      5.650800  1
      0.385198      5.550900  1
      0.401946      5.452900  1
      0.418693      5.356500  1
      0.435441      5.261400  1
      0.452189      5.167000  1
      0.468936      4.968100  1
      0.485684      4.741300  1
      0.502432      4.520300  1
      0.519180      4.305700  1
      0.535927      4.098200  1
      0.552675      3.898400  1
      0.569423      3.706700  1
      0.586171      3.523600  1
      0.602918      3.349300  1
      0.619666      3.184200  1
      0.636414      3.028500  1
      0.653162      2.882300  1
      0.669909      2.745800  1
      0.686657      2.619100  1
      0.703405      2.572100  1
      0.720152      2.724800  1
      0.736900      2.865500  1
      0.753648      2.746900  1
      0.770396      2.577900  1
      0.787143      2.419400  1
      0.803891      2.274700  1
      0.820639      2.146800  1
      0.837387      2.038200  1
      0.854134      1.951400  1
      0.870882      1.888300  1
      0.887630      1.851100  1
      0.904377      1.842100  1
      0.921042      1.847300  1
      0.937707      1.885600  1
      0.954372      1.949300  1
      0.971037      2.037600  1
      0.987702      2.150000  1
      1.004367      2.285600  1
      1.021031      2.443300  1
      1.037696      2.622000  1
      1.054361      2.820600  1
      1.071026      2.871900  1
      1.087691      2.732300  1
      1.104356      2.580700  1
      1.121021      2.417400  1
      1.137685      2.345600  1
      1.154350      2.376600  1
      1.171015      2.402100  1
      1.187680      2.422200  1
      1.204345      2.436800  1
      1.221010      2.446200  1
      1.237674      2.450800  1
      1.254339      2.450900  1
      1.271004      2.447000  1
      1.287669      2.439600  1
      1.304334      2.429100  1
      1.320999      2.416200  1
      1.337664      2.401100  1
      1.354328      2.384400  1
      1.370993      2.366500  1
      1.387658      2.347700  1
      1.404323      2.328400  1
      1.420988      2.308900  1
      1.437653      2.289500  1
      1.454318      2.270400  1
      1.470982      2.251900  1
      1.487647      2.234100  1
      1.504312      2.217200  1
      1.520977      2.201400  1
      1.537642      2.186700  1
      1.554307      2.173400  1
      1.570972      2.161400  1
      1.587636      2.150900  1
      1.604301      2.142000  1
      1.620966      2.134600  1
      1.637631      2.128800  1
      1.654296      2.124600  1
      1.670961      2.122100  1
      1.687625      2.121300  1
      1.704375      2.138700  1
      1.721125      2.191000  1
      1.737875      2.277500  1
      1.754625      2.397200  1
      1.771375      2.548400  1
      1.788125      2.729400  1
      1.804875      2.938100  1
      1.821625      3.171900  1
      1.838375      3.428300  1
      1.855125      3.704300  1
      1.871875      3.997000  1
      1.888625      4.303300  1
      1.905374      4.620100  1
      1.922124      4.944100  1
      1.938874      5.272100  1
      1.955624      5.601100  1
      1.972374      5.927800  1
      1.989124      6.249300  1
      2.005874      6.562600  1
      2.022624      6.865000  1
      2.039374      7.153800  1
      2.056124      7.426500  1
      2.072874      7.681100  1
      2.089624      7.915400  1
      2.106374      8.127700  1
      2.123123      8.316600  1
      2.139873      8.479700  1


      0.000000      8.482600  1
      0.016748      8.620100  1
      0.033495      8.732200  1
      0.050243      8.817600  1
      0.066991      8.876100  1
      0.083739      8.908000  1
      0.100486      8.913600  1
      0.117234      8.893600  1
      0.133982      8.848700  1
      0.150730      8.780000  1
      0.167477      8.688800  1
      0.184225      8.576300  1
      0.200973      8.444000  1
      0.217721      8.293600  1
      0.234468      8.126500  1
      0.251216      7.944600  1
      0.267964      7.749500  1
      0.284711      7.542900  1
      0.301459      7.326600  1
      0.318207      7.102300  1
      0.334955      6.871500  1
      0.351702      6.635900  1
      0.368450      6.396900  1
      0.385198      6.156100  1
      0.401946      5.914800  1
      0.418693      5.674100  1
      0.435441      5.435500  1
      0.452189      5.199800  1
      0.468936      5.072900  1
      0.485684      4.978300  1
      0.502432      4.882500  1
      0.519180      4.784600  1
      0.535927      4.683600  1
      0.552675      4.578300  1
      0.569423      4.467600  1
      0.586171      4.350200  1
      0.602918      4.224800  1
      0.619666      4.090500  1
      0.636414      3.946500  1
      0.653162      3.792800  1
      0.669909      3.629900  1
      0.686657      3.459000  1
      0.703405      3.282400  1
      0.720152      3.102600  1
      0.736900      2.923000  1
      0.753648      2.993800  1
      0.770396      3.109300  1
      0.787143      3.211900  1
      0.803891      3.301300  1
      0.820639      3.377300  1
      0.837387      3.439700  1
      0.854134      3.488400  1
      0.870882      3.523200  1
      0.887630      3.544100  1
      0.904377      3.551100  1
      0.921042      3.544200  1
      0.937707      3.523500  1
      0.954372      3.489000  1
      0.971037      3.440800  1
      0.987702      3.379000  1
      1.004367      3.303800  1
      1.021031      3.215200  1
      1.037696      3.113600  1
      1.054361      2.999000  1
      1.071026      3.037700  1
      1.087691      3.272100  1
      1.104356      3.522300  1
      1.121021      3.787000  1
      1.137685      4.064800  1
      1.154350      4.354400  1
      1.171015      4.654200  1
      1.187680      4.963000  1
      1.204345      5.279400  1
      1.221010      5.602000  1
      1.237674      5.929400  1
      1.254339      6.260400  1
      1.271004      6.593500  1
      1.287669      6.927400  1
      1.304334      7.260900  1
      1.320999      7.592600  1
      1.337664      7.921200  1
      1.354328      8.245400  1
      1.370993      8.563800  1
      1.387658      8.875300  1
      1.404323      9.178500  1
      1.420988      9.472300  1
      1.437653      9.755400  1
      1.454318     10.026500  1
      1.470982     10.284700  1
      1.487647     10.528700  1
      1.504312     10.757500  1
      1.520977     10.970000  1
      1.537642     11.165500  1
      1.554307     11.342800  1
      1.570972     11.501300  1
      1.587636     11.640200  1
      1.604301     11.758900  1
      1.620966     11.856700  1
      1.637631     11.933300  1
      1.654296     11.988300  1
      1.670961     12.021400  1
      1.687625     12.032500  1
      1.704375     12.018900  1
      1.721125     11.979000  1
      1.737875     11.915600  1
      1.754625     11.832200  1
      1.771375     11.732600  1
      1.788125     11.620200  1
      1.804875     11.497600  1
      1.821625     11.367300  1
      1.838375     11.230800  1
      1.855125     11.089500  1
      1.871875     10.944500  1
      1.888625     10.796500  1
      1.905374     10.646100  1
      1.922124     10.494000  1
      1.938874     10.340400  1
      1.955624     10.185800  1
      1.972374     10.030500  1
      1.989124      9.874600  1
      2.005874      9.718500  1
      2.022624      9.562300  1
      2.039374      9.406200  1
      2.056124      9.250400  1
      2.072874      9.095100  1
      2.089624      8.940400  1
      2.106374      8.786500  1
      2.123123      8.633500  1
      2.139873      8.482600  1


      0.000000     16.341600  1
      0.016748     16.334300  1
      0.033495     16.312100  1
      0.050243     16.274300  1
      0.066991     16.220500  1
      0.083739     16.150200  1
      0.100486     16.063000  1
      0.117234     15.958900  1
      0.133982     15.837500  1
      0.150730     15.698800  1
      0.167477     15.543000  1
      0.184225     15.370200  1
      0.200973     15.180700  1
      0.217721     14.974800  1
      0.234468     14.753100  1
      0.251216     14.516000  1
      0.267964     14.264400  1
      0.284711     13.998800  1
      0.301459     13.720200  1
      0.318207     13.429500  1
      0.334955     13.127500  1
      0.351702     12.815500  1
      0.368450     12.494500  1
      0.385198     12.165700  1
      0.401946     11.830300  1
      0.418693     11.489700  1
      0.435441     11.145300  1
      0.452189     10.798500  1
      0.468936     10.450900  1
      0.485684     10.104200  1
      0.502432      9.760100  1
      0.519180      9.420700  1
      0.535927      9.087900  1
      0.552675      8.764000  1
      0.569423      8.451200  1
      0.586171      8.151900  1
      0.602918      7.868500  1
      0.619666      7.603200  1
      0.636414      7.357800  1
      0.653162      7.133900  1
      0.669909      6.932100  1
      0.686657      6.752700  1
      0.703405      6.595000  1
      0.720152      6.457900  1
      0.736900      6.339900  1
      0.753648      6.239200  1
      0.770396      6.154100  1
      0.787143      6.082900  1
      0.803891      6.024100  1
      0.820639      5.976500  1
      0.837387      5.938900  1
      0.854134      5.910500  1
      0.870882      5.890700  1
      0.887630      5.879000  1
      0.904377      5.875100  1
      0.921042      5.879000  1
      0.937707      5.890600  1
      0.954372      5.910200  1
      0.971037      5.938300  1
      0.987702      5.975300  1
      1.004367      6.022100  1
      1.021031      6.079300  1
      1.037696      6.147900  1
      1.054361      6.228700  1
      1.071026      6.322500  1
      1.087691      6.430200  1
      1.104356      6.552500  1
      1.121021      6.689700  1
      1.137685      6.842200  1
      1.154350      7.010100  1
      1.171015      7.193200  1
      1.187680      7.391200  1
      1.204345      7.603600  1
      1.221010      7.829600  1
      1.237674      8.068400  1
      1.254339      8.319100  1
      1.271004      8.580600  1
      1.287669      8.851600  1
      1.304334      9.131000  1
      1.320999      9.417300  1
      1.337664      9.709300  1
      1.354328     10.005300  1
      1.370993     10.303900  1
      1.387658     10.603300  1
      1.404323     10.901900  1
      1.420988     11.197800  1
      1.437653     11.489300  1
      1.454318     11.774400  1
      1.470982     12.051200  1
      1.487647     12.317800  1
      1.504312     12.572100  1
      1.520977     12.812300  1
      1.537642     13.036500  1
      1.554307     13.242700  1
      1.570972     13.429300  1
      1.587636     13.594600  1
      1.604301     13.737200  1
      1.620966     13.855700  1
      1.637631     13.949100  1
      1.654296     14.016400  1
      1.670961     14.057100  1
      1.687625     14.070700  1
      1.704375     14.083600  1
      1.721125     14.121500  1
      1.737875     14.181500  1
      1.754625     14.259900  1
      1.771375     14.353000  1
      1.788125     14.457100  1
      1.804875     14.569400  1
      1.821625     14.687300  1
      1.838375     14.808800  1
      1.855125     14.932400  1
      1.871875     15.056600  1
      1.888625     15.180200  1
      1.905374     15.302300  1
      1.922124     15.421800  1
      1.938874     15.537700  1
      1.955624     15.649300  1
      1.972374     15.755700  1
      1.989124     15.855900  1
      2.005874     15.949100  1
      2.022624     16.034500  1
      2.039374     16.111200  1
      2.056124     16.178300  1
      2.072874     16.235100  1
      2.089624     16.280600  1
      2.106374     16.314000  1
      2.123123     16.334600  1
      2.139873     16.341600  1


