# EIG2DOS: Utility for SIESTA to obtain the electronic density of states
#  E. Artacho, Apr 1999, A. Garcia, Apr 2012
#  Nick R. Papior, Feb 2017
# ------------------------------------------
# Eigenvalues read from siesta.EIG
# Kpoint weights read from siesta.KP
# Using smearing parameter:   0.1000
# Using 1001 points in the energy range
# Selected bands: 1 to: 8
# Emin, Emax in file for selected band(s):    -27.5572600     16.3414800
# Nbands, Nspin, Nk   =      8     1 20000
# E_F                 =    -7.3504 eV --> (shifted to ZERO)
# Broadening          =     0.1000 eV
#
#        E            N(up)  (=)   N(down)         Ntot
    -20.000000      0.140641      0.140641      0.281282
    -19.975000      0.140905      0.140905      0.281810
    -19.950000      0.141055      0.141055      0.282111
    -19.925000      0.141168      0.141168      0.282336
    -19.900000      0.141269      0.141269      0.282539
    -19.875000      0.141368      0.141368      0.282737
    -19.850000      0.141467      0.141467      0.282934
    -19.825000      0.141566      0.141566      0.283132
    -19.800000      0.141666      0.141666      0.283331
    -19.775000      0.141765      0.141765      0.283531
    -19.750000      0.141865      0.141865      0.283731
    -19.725000      0.141966      0.141966      0.283932
    -19.700000      0.142067      0.142067      0.284133
    -19.675000      0.142168      0.142168      0.284336
    -19.650000      0.142269      0.142269      0.284539
    -19.625000      0.142371      0.142371      0.284743
    -19.600000      0.142474      0.142474      0.284948
    -19.575000      0.142577      0.142577      0.285154
    -19.550000      0.142680      0.142680      0.285361
    -19.525000      0.142784      0.142784      0.285569
    -19.500000      0.142889      0.142889      0.285778
    -19.475000      0.142994      0.142994      0.285988
    -19.450000      0.143100      0.143100      0.286199
    -19.425000      0.143206      0.143206      0.286411
    -19.400000      0.143312      0.143312      0.286624
    -19.375000      0.143419      0.143419      0.286838
    -19.350000      0.143527      0.143527      0.287053
    -19.325000      0.143635      0.143635      0.287270
    -19.300000      0.143743      0.143743      0.287487
    -19.275000      0.143853      0.143853      0.287705
    -19.250000      0.143963      0.143963      0.287925
    -19.225000      0.144073      0.144073      0.288146
    -19.200000      0.144184      0.144184      0.288368
    -19.175000      0.144296      0.144296      0.288592
    -19.150000      0.144408      0.144408      0.288816
    -19.125000      0.144521      0.144521      0.289042
    -19.100000      0.144634      0.144634      0.289268
    -19.075000      0.144748      0.144748      0.289496
    -19.050000      0.144863      0.144863      0.289726
    -19.025000      0.144979      0.144979      0.289957
    -19.000000      0.145095      0.145095      0.290190
    -18.975000      0.145212      0.145212      0.290424
    -18.950000      0.145330      0.145330      0.290660
    -18.925000      0.145448      0.145448      0.290897
    -18.900000      0.145567      0.145567      0.291135
    -18.875000      0.145687      0.145687      0.291374
    -18.850000      0.145808      0.145808      0.291615
    -18.825000      0.145929      0.145929      0.291858
    -18.800000      0.146051      0.146051      0.292102
    -18.775000      0.146174      0.146174      0.292347
    -18.750000      0.146297      0.146297      0.292594
    -18.725000      0.146421      0.146421      0.292843
    -18.700000      0.146547      0.146547      0.293093
    -18.675000      0.146673      0.146673      0.293345
    -18.650000      0.146799      0.146799      0.293599
    -18.625000      0.146927      0.146927      0.293855
    -18.600000      0.147056      0.147056      0.294112
    -18.575000      0.147185      0.147185      0.294370
    -18.550000      0.147315      0.147315      0.294631
    -18.525000      0.147446      0.147446      0.294893
    -18.500000      0.147578      0.147578      0.295157
    -18.475000      0.147711      0.147711      0.295422
    -18.450000      0.147845      0.147845      0.295690
    -18.425000      0.147980      0.147980      0.295959
    -18.400000      0.148115      0.148115      0.296231
    -18.375000      0.148252      0.148252      0.296504
    -18.350000      0.148390      0.148390      0.296780
    -18.325000      0.148529      0.148529      0.297057
    -18.300000      0.148668      0.148668      0.297337
    -18.275000      0.148809      0.148809      0.297618
    -18.250000      0.148951      0.148951      0.297902
    -18.225000      0.149094      0.149094      0.298187
    -18.200000      0.149237      0.149237      0.298475
    -18.175000      0.149382      0.149382      0.298764
    -18.150000      0.149528      0.149528      0.299056
    -18.125000      0.149675      0.149675      0.299350
    -18.100000      0.149823      0.149823      0.299646
    -18.075000      0.149973      0.149973      0.299945
    -18.050000      0.150123      0.150123      0.300246
    -18.025000      0.150275      0.150275      0.300550
    -18.000000      0.150428      0.150428      0.300856
    -17.975000      0.150582      0.150582      0.301165
    -17.950000      0.150738      0.150738      0.301476
    -17.925000      0.150895      0.150895      0.301789
    -17.900000      0.151053      0.151053      0.302105
    -17.875000      0.151212      0.151212      0.302423
    -17.850000      0.151372      0.151372      0.302745
    -17.825000      0.151534      0.151534      0.303068
    -17.800000      0.151697      0.151697      0.303395
    -17.775000      0.151862      0.151862      0.303724
    -17.750000      0.152028      0.152028      0.304056
    -17.725000      0.152196      0.152196      0.304391
    -17.700000      0.152365      0.152365      0.304730
    -17.675000      0.152536      0.152536      0.305072
    -17.650000      0.152708      0.152708      0.305417
    -17.625000      0.152882      0.152882      0.305765
    -17.600000      0.153058      0.153058      0.306116
    -17.575000      0.153235      0.153235      0.306470
    -17.550000      0.153414      0.153414      0.306828
    -17.525000      0.153594      0.153594      0.307189
    -17.500000      0.153777      0.153777      0.307553
    -17.475000      0.153961      0.153961      0.307921
    -17.450000      0.154146      0.154146      0.308293
    -17.425000      0.154334      0.154334      0.308668
    -17.400000      0.154524      0.154524      0.309048
    -17.375000      0.154716      0.154716      0.309431
    -17.350000      0.154909      0.154909      0.309819
    -17.325000      0.155105      0.155105      0.310210
    -17.300000      0.155303      0.155303      0.310606
    -17.275000      0.155503      0.155503      0.311005
    -17.250000      0.155705      0.155705      0.311410
    -17.225000      0.155909      0.155909      0.311818
    -17.200000      0.156116      0.156116      0.312231
    -17.175000      0.156325      0.156325      0.312649
    -17.150000      0.156536      0.156536      0.313072
    -17.125000      0.156750      0.156750      0.313501
    -17.100000      0.156967      0.156967      0.313934
    -17.075000      0.157186      0.157186      0.314373
    -17.050000      0.157408      0.157408      0.314817
    -17.025000      0.157633      0.157633      0.315266
    -17.000000      0.157860      0.157860      0.315721
    -16.975000      0.158091      0.158091      0.316181
    -16.950000      0.158324      0.158324      0.316648
    -16.925000      0.158560      0.158560      0.317121
    -16.900000      0.158800      0.158800      0.317600
    -16.875000      0.159043      0.159043      0.318086
    -16.850000      0.159290      0.159290      0.318579
    -16.825000      0.159540      0.159540      0.319080
    -16.800000      0.159794      0.159794      0.319587
    -16.775000      0.160051      0.160051      0.320102
    -16.750000      0.160313      0.160313      0.320625
    -16.725000      0.160578      0.160578      0.321156
    -16.700000      0.160848      0.160848      0.321695
    -16.675000      0.161122      0.161122      0.322243
    -16.650000      0.161400      0.161400      0.322800
    -16.625000      0.161683      0.161683      0.323366
    -16.600000      0.161971      0.161971      0.323942
    -16.575000      0.162264      0.162264      0.324528
    -16.550000      0.162562      0.162562      0.325123
    -16.525000      0.162865      0.162865      0.325730
    -16.500000      0.163174      0.163174      0.326348
    -16.475000      0.163489      0.163489      0.326977
    -16.450000      0.163809      0.163809      0.327619
    -16.425000      0.164136      0.164136      0.328273
    -16.400000      0.164470      0.164470      0.328940
    -16.375000      0.164811      0.164811      0.329621
    -16.350000      0.165158      0.165158      0.330317
    -16.325000      0.165513      0.165513      0.331027
    -16.300000      0.165876      0.165876      0.331753
    -16.275000      0.166248      0.166248      0.332495
    -16.250000      0.166627      0.166627      0.333255
    -16.225000      0.167016      0.167016      0.334032
    -16.200000      0.167415      0.167415      0.334829
    -16.175000      0.167823      0.167823      0.335646
    -16.150000      0.168242      0.168242      0.336485
    -16.125000      0.168672      0.168672      0.337345
    -16.100000      0.169114      0.169114      0.338228
    -16.075000      0.169568      0.169568      0.339136
    -16.050000      0.170035      0.170035      0.340069
    -16.025000      0.170515      0.170515      0.341031
    -16.000000      0.171011      0.171011      0.342021
    -15.975000      0.171521      0.171521      0.343043
    -15.950000      0.172049      0.172049      0.344098
    -15.925000      0.172594      0.172594      0.345188
    -15.900000      0.173158      0.173158      0.346315
    -15.875000      0.173741      0.173741      0.347482
    -15.850000      0.174346      0.174346      0.348692
    -15.825000      0.174974      0.174974      0.349948
    -15.800000      0.175627      0.175627      0.351253
    -15.775000      0.176306      0.176306      0.352611
    -15.750000      0.177013      0.177013      0.354026
    -15.725000      0.177752      0.177752      0.355503
    -15.700000      0.178524      0.178524      0.357047
    -15.675000      0.179332      0.179332      0.358664
    -15.650000      0.180180      0.180180      0.360361
    -15.625000      0.181072      0.181072      0.362144
    -15.600000      0.182011      0.182011      0.364022
    -15.575000      0.183002      0.183002      0.366005
    -15.550000      0.184051      0.184051      0.368103
    -15.525000      0.185165      0.185165      0.370329
    -15.500000      0.186349      0.186349      0.372699
    -15.475000      0.187614      0.187614      0.375228
    -15.450000      0.188969      0.188969      0.377938
    -15.425000      0.190427      0.190427      0.380853
    -15.400000      0.192001      0.192001      0.384003
    -15.375000      0.193711      0.193711      0.387423
    -15.350000      0.195579      0.195579      0.391158
    -15.325000      0.197633      0.197633      0.395266
    -15.300000      0.199910      0.199910      0.399820
    -15.275000      0.202460      0.202460      0.404920
    -15.250000      0.205354      0.205354      0.410707
    -15.225000      0.208693      0.208693      0.417386
    -15.200000      0.212629      0.212629      0.425259
    -15.175000      0.217376      0.217376      0.434753
    -15.150000      0.223200      0.223200      0.446400
    -15.125000      0.230351      0.230351      0.460701
    -15.100000      0.238894      0.238894      0.477787
    -15.075000      0.248464      0.248464      0.496929
    -15.050000      0.258052      0.258052      0.516103
    -15.025000      0.266011      0.266011      0.532022
    -15.000000      0.270451      0.270451      0.540902
    -14.975000      0.269913      0.269913      0.539827
    -14.950000      0.264001      0.264001      0.528002
    -14.925000      0.253575      0.253575      0.507150
    -14.900000      0.240381      0.240381      0.480761
    -14.875000      0.226349      0.226349      0.452698
    -14.850000      0.212974      0.212974      0.425948
    -14.825000      0.201051      0.201051      0.402102
    -14.800000      0.190761      0.190761      0.381522
    -14.775000      0.181928      0.181928      0.363856
    -14.750000      0.174253      0.174253      0.348506
    -14.725000      0.167456      0.167456      0.334912
    -14.700000      0.161323      0.161323      0.322647
    -14.675000      0.155705      0.155705      0.311410
    -14.650000      0.150497      0.150497      0.300995
    -14.625000      0.145628      0.145628      0.291256
    -14.600000      0.141044      0.141044      0.282088
    -14.575000      0.136704      0.136704      0.273409
    -14.550000      0.132577      0.132577      0.265154
    -14.525000      0.128636      0.128636      0.257273
    -14.500000      0.124861      0.124861      0.249722
    -14.475000      0.121233      0.121233      0.242467
    -14.450000      0.117739      0.117739      0.235477
    -14.425000      0.114364      0.114364      0.228727
    -14.400000      0.111098      0.111098      0.222195
    -14.375000      0.107931      0.107931      0.215862
    -14.350000      0.104855      0.104855      0.209711
    -14.325000      0.101863      0.101863      0.203726
    -14.300000      0.098947      0.098947      0.197895
    -14.275000      0.096102      0.096102      0.192205
    -14.250000      0.093323      0.093323      0.186645
    -14.225000      0.090603      0.090603      0.181207
    -14.200000      0.087940      0.087940      0.175880
    -14.175000      0.085328      0.085328      0.170657
    -14.150000      0.082765      0.082765      0.165530
    -14.125000      0.080246      0.080246      0.160493
    -14.100000      0.077769      0.077769      0.155538
    -14.075000      0.075330      0.075330      0.150660
    -14.050000      0.072927      0.072927      0.145853
    -14.025000      0.070556      0.070556      0.141113
    -14.000000      0.068216      0.068216      0.136432
    -13.975000      0.065904      0.065904      0.131808
    -13.950000      0.063617      0.063617      0.127235
    -13.925000      0.061354      0.061354      0.122708
    -13.900000      0.059112      0.059112      0.118224
    -13.875000      0.056889      0.056889      0.113778
    -13.850000      0.054682      0.054682      0.109365
    -13.825000      0.052491      0.052491      0.104981
    -13.800000      0.050312      0.050312      0.100623
    -13.775000      0.048143      0.048143      0.096286
    -13.750000      0.045983      0.045983      0.091965
    -13.725000      0.043830      0.043830      0.087659
    -13.700000      0.041685      0.041685      0.083370
    -13.675000      0.039558      0.039558      0.079116
    -13.650000      0.037485      0.037485      0.074970
    -13.625000      0.035568      0.035568      0.071136
    -13.600000      0.034051      0.034051      0.068102
    -13.575000      0.033426      0.033426      0.066852
    -13.550000      0.034525      0.034525      0.069050
    -13.525000      0.038490      0.038490      0.076979
    -13.500000      0.046511      0.046511      0.093022
    -13.475000      0.059323      0.059323      0.118647
    -13.450000      0.076654      0.076654      0.153308
    -13.425000      0.096984      0.096984      0.193967
    -13.400000      0.117883      0.117883      0.235765
    -13.375000      0.136838      0.136838      0.273676
    -13.350000      0.152132      0.152132      0.304263
    -13.325000      0.163302      0.163302      0.326603
    -13.300000      0.171003      0.171003      0.342006
    -13.275000      0.176480      0.176480      0.352960
    -13.250000      0.181007      0.181007      0.362015
    -13.225000      0.185545      0.185545      0.371091
    -13.200000      0.190659      0.190659      0.381318
    -13.175000      0.196610      0.196610      0.393220
    -13.150000      0.203510      0.203510      0.407019
    -13.125000      0.211457      0.211457      0.422914
    -13.100000      0.220623      0.220623      0.441247
    -13.075000      0.231257      0.231257      0.462514
    -13.050000      0.243577      0.243577      0.487155
    -13.025000      0.257543      0.257543      0.515085
    -13.000000      0.272549      0.272549      0.545098
    -12.975000      0.287226      0.287226      0.574452
    -12.950000      0.299556      0.299556      0.599113
    -12.925000      0.307429      0.307429      0.614857
    -12.900000      0.309434      0.309434      0.618868
    -12.875000      0.305477      0.305477      0.610955
    -12.850000      0.296816      0.296816      0.593633
    -12.825000      0.285504      0.285504      0.571007
    -12.800000      0.273589      0.273589      0.547178
    -12.775000      0.262523      0.262523      0.525046
    -12.750000      0.252986      0.252986      0.505973
    -12.725000      0.245057      0.245057      0.490115
    -12.700000      0.238502      0.238502      0.477003
    -12.675000      0.233005      0.233005      0.466009
    -12.650000      0.228292      0.228292      0.456584
    -12.625000      0.224163      0.224163      0.448326
    -12.600000      0.220478      0.220478      0.440957
    -12.575000      0.217145      0.217145      0.434290
    -12.550000      0.214096      0.214096      0.428191
    -12.525000      0.211283      0.211283      0.422565
    -12.500000      0.208669      0.208669      0.417339
    -12.475000      0.206227      0.206227      0.412454
    -12.450000      0.203932      0.203932      0.407865
    -12.425000      0.201768      0.201768      0.403535
    -12.400000      0.199717      0.199717      0.399435
    -12.375000      0.197769      0.197769      0.395537
    -12.350000      0.195911      0.195911      0.391821
    -12.325000      0.194134      0.194134      0.388269
    -12.300000      0.192432      0.192432      0.384863
    -12.275000      0.190796      0.190796      0.381592
    -12.250000      0.189221      0.189221      0.378442
    -12.225000      0.187701      0.187701      0.375403
    -12.200000      0.186233      0.186233      0.372466
    -12.175000      0.184812      0.184812      0.369624
    -12.150000      0.183434      0.183434      0.366868
    -12.125000      0.182097      0.182097      0.364194
    -12.100000      0.180797      0.180797      0.361594
    -12.075000      0.179532      0.179532      0.359063
    -12.050000      0.178299      0.178299      0.356599
    -12.025000      0.177097      0.177097      0.354195
    -12.000000      0.175924      0.175924      0.351848
    -11.975000      0.174777      0.174777      0.349555
    -11.950000      0.173656      0.173656      0.347312
    -11.925000      0.172559      0.172559      0.345117
    -11.900000      0.171484      0.171484      0.342968
    -11.875000      0.170430      0.170430      0.340860
    -11.850000      0.169397      0.169397      0.338793
    -11.825000      0.168382      0.168382      0.336765
    -11.800000      0.167386      0.167386      0.334773
    -11.775000      0.166408      0.166408      0.332815
    -11.750000      0.165445      0.165445      0.330891
    -11.725000      0.164499      0.164499      0.328997
    -11.700000      0.163567      0.163567      0.327134
    -11.675000      0.162650      0.162650      0.325300
    -11.650000      0.161747      0.161747      0.323493
    -11.625000      0.160856      0.160856      0.321713
    -11.600000      0.159979      0.159979      0.319958
    -11.575000      0.159114      0.159114      0.318227
    -11.550000      0.158260      0.158260      0.316520
    -11.525000      0.157417      0.157417      0.314835
    -11.500000      0.156586      0.156586      0.313171
    -11.475000      0.155764      0.155764      0.311529
    -11.450000      0.154953      0.154953      0.309906
    -11.425000      0.154152      0.154152      0.308304
    -11.400000      0.153360      0.153360      0.306719
    -11.375000      0.152577      0.152577      0.305153
    -11.350000      0.151802      0.151802      0.303605
    -11.325000      0.151036      0.151036      0.302073
    -11.300000      0.150279      0.150279      0.300557
    -11.275000      0.149529      0.149529      0.299058
    -11.250000      0.148787      0.148787      0.297573
    -11.225000      0.148052      0.148052      0.296104
    -11.200000      0.147325      0.147325      0.294650
    -11.175000      0.146605      0.146605      0.293210
    -11.150000      0.145892      0.145892      0.291783
    -11.125000      0.145185      0.145185      0.290370
    -11.100000      0.144485      0.144485      0.288970
    -11.075000      0.143791      0.143791      0.287582
    -11.050000      0.143104      0.143104      0.286208
    -11.025000      0.142426      0.142426      0.284852
    -11.000000      0.141764      0.141764      0.283527
    -10.975000      0.141140      0.141140      0.282280
    -10.950000      0.140614      0.140614      0.281229
    -10.925000      0.140321      0.140321      0.280642
    -10.900000      0.140518      0.140518      0.281036
    -10.875000      0.141619      0.141619      0.283238
    -10.850000      0.144156      0.144156      0.288311
    -10.825000      0.148631      0.148631      0.297262
    -10.800000      0.155273      0.155273      0.310545
    -10.775000      0.163809      0.163809      0.327617
    -10.750000      0.173420      0.173420      0.346840
    -10.725000      0.182956      0.182956      0.365913
    -10.700000      0.191330      0.191330      0.382660
    -10.675000      0.197869      0.197869      0.395738
    -10.650000      0.202451      0.202451      0.404902
    -10.625000      0.205382      0.205382      0.410763
    -10.600000      0.207156      0.207156      0.414312
    -10.575000      0.208242      0.208242      0.416485
    -10.550000      0.208978      0.208978      0.417957
    -10.525000      0.209562      0.209562      0.419123
    -10.500000      0.210089      0.210089      0.420177
    -10.475000      0.210601      0.210601      0.421201
    -10.450000      0.211112      0.211112      0.422224
    -10.425000      0.211628      0.211628      0.423256
    -10.400000      0.212149      0.212149      0.424298
    -10.375000      0.212677      0.212677      0.425353
    -10.350000      0.213210      0.213210      0.426420
    -10.325000      0.213750      0.213750      0.427499
    -10.300000      0.214296      0.214296      0.428591
    -10.275000      0.214848      0.214848      0.429697
    -10.250000      0.215407      0.215407      0.430815
    -10.225000      0.215973      0.215973      0.431947
    -10.200000      0.216546      0.216546      0.433092
    -10.175000      0.217126      0.217126      0.434252
    -10.150000      0.217713      0.217713      0.435426
    -10.125000      0.218307      0.218307      0.436615
    -10.100000      0.218909      0.218909      0.437819
    -10.075000      0.219519      0.219519      0.439038
    -10.050000      0.220137      0.220137      0.440274
    -10.025000      0.220763      0.220763      0.441525
    -10.000000      0.221397      0.221397      0.442793
     -9.975000      0.222039      0.222039      0.444079
     -9.950000      0.222691      0.222691      0.445381
     -9.925000      0.223351      0.223351      0.446701
     -9.900000      0.224020      0.224020      0.448039
     -9.875000      0.224698      0.224698      0.449396
     -9.850000      0.225386      0.225386      0.450772
     -9.825000      0.226084      0.226084      0.452168
     -9.800000      0.226792      0.226792      0.453584
     -9.775000      0.227510      0.227510      0.455020
     -9.750000      0.228239      0.228239      0.456478
     -9.725000      0.228979      0.228979      0.457958
     -9.700000      0.229730      0.229730      0.459460
     -9.675000      0.230492      0.230492      0.460985
     -9.650000      0.231266      0.231266      0.462533
     -9.625000      0.232052      0.232052      0.464105
     -9.600000      0.232851      0.232851      0.465701
     -9.575000      0.233662      0.233662      0.467324
     -9.550000      0.234486      0.234486      0.468972
     -9.525000      0.235324      0.235324      0.470648
     -9.500000      0.236176      0.236176      0.472352
     -9.475000      0.237042      0.237042      0.474084
     -9.450000      0.237924      0.237924      0.475847
     -9.425000      0.238820      0.238820      0.477641
     -9.400000      0.239733      0.239733      0.479466
     -9.375000      0.240662      0.240662      0.481323
     -9.350000      0.241607      0.241607      0.483214
     -9.325000      0.242569      0.242569      0.485139
     -9.300000      0.243550      0.243550      0.487099
     -9.275000      0.244548      0.244548      0.489097
     -9.250000      0.245566      0.245566      0.491132
     -9.225000      0.246604      0.246604      0.493208
     -9.200000      0.247662      0.247662      0.495325
     -9.175000      0.248742      0.248742      0.497484
     -9.150000      0.249844      0.249844      0.499688
     -9.125000      0.250969      0.250969      0.501937
     -9.100000      0.252117      0.252117      0.504234
     -9.075000      0.253289      0.253289      0.506579
     -9.050000      0.254488      0.254488      0.508975
     -9.025000      0.255712      0.255712      0.511424
     -9.000000      0.256964      0.256964      0.513928
     -8.975000      0.258245      0.258245      0.516490
     -8.950000      0.259556      0.259556      0.519111
     -8.925000      0.260898      0.260898      0.521796
     -8.900000      0.262273      0.262273      0.524546
     -8.875000      0.263682      0.263682      0.527365
     -8.850000      0.265127      0.265127      0.530254
     -8.825000      0.266609      0.266609      0.533219
     -8.800000      0.268130      0.268130      0.536261
     -8.775000      0.269692      0.269692      0.539385
     -8.750000      0.271297      0.271297      0.542595
     -8.725000      0.272947      0.272947      0.545895
     -8.700000      0.274645      0.274645      0.549290
     -8.675000      0.276392      0.276392      0.552785
     -8.650000      0.278193      0.278193      0.556385
     -8.625000      0.280049      0.280049      0.560098
     -8.600000      0.281964      0.281964      0.563929
     -8.575000      0.283942      0.283942      0.567885
     -8.550000      0.285986      0.285986      0.571973
     -8.525000      0.288101      0.288101      0.576202
     -8.500000      0.290290      0.290290      0.580580
     -8.475000      0.292559      0.292559      0.585118
     -8.450000      0.294913      0.294913      0.589827
     -8.425000      0.297360      0.297360      0.594720
     -8.400000      0.299905      0.299905      0.599809
     -8.375000      0.302556      0.302556      0.605111
     -8.350000      0.305321      0.305321      0.610642
     -8.325000      0.308211      0.308211      0.616421
     -8.300000      0.311234      0.311234      0.622469
     -8.275000      0.314405      0.314405      0.628810
     -8.250000      0.317736      0.317736      0.635472
     -8.225000      0.321243      0.321243      0.642487
     -8.200000      0.324946      0.324946      0.649892
     -8.175000      0.328865      0.328865      0.657731
     -8.150000      0.333027      0.333027      0.666054
     -8.125000      0.337462      0.337462      0.674923
     -8.100000      0.342206      0.342206      0.684411
     -8.075000      0.347304      0.347304      0.694608
     -8.050000      0.352812      0.352812      0.705624
     -8.025000      0.358802      0.358802      0.717605
     -8.000000      0.365369      0.365369      0.730739
     -7.975000      0.372644      0.372644      0.745288
     -7.950000      0.380812      0.380812      0.761623
     -7.925000      0.390146      0.390146      0.780292
     -7.900000      0.401038      0.401038      0.802075
     -7.875000      0.414002      0.414002      0.828003
     -7.850000      0.429586      0.429586      0.859172
     -7.825000      0.448113      0.448113      0.896226
     -7.800000      0.469231      0.469231      0.938461
     -7.775000      0.491426      0.491426      0.982851
     -7.750000      0.511854      0.511854      1.023708
     -7.725000      0.526835      0.526835      1.053670
     -7.700000      0.533038      0.533038      1.066077
     -7.675000      0.528835      0.528835      1.057670
     -7.650000      0.515033      0.515033      1.030065
     -7.625000      0.494511      0.494511      0.989023
     -7.600000      0.471002      0.471002      0.942005
     -7.575000      0.447757      0.447757      0.895514
     -7.550000      0.426777      0.426777      0.853554
     -7.525000      0.408780      0.408780      0.817559
     -7.500000      0.393619      0.393619      0.787238
     -7.475000      0.380780      0.380780      0.761559
     -7.450000      0.369710      0.369710      0.739420
     -7.425000      0.359967      0.359967      0.719934
     -7.400000      0.351234      0.351234      0.702467
     -7.375000      0.343293      0.343293      0.686587
     -7.350000      0.335996      0.335996      0.671992
     -7.325000      0.329234      0.329234      0.658469
     -7.300000      0.322929      0.322929      0.645859
     -7.275000      0.317025      0.317025      0.634051
     -7.250000      0.311496      0.311496      0.622992
     -7.225000      0.306366      0.306366      0.612733
     -7.200000      0.301770      0.301770      0.603539
     -7.175000      0.298033      0.298033      0.596066
     -7.150000      0.295774      0.295774      0.591549
     -7.125000      0.295930      0.295930      0.591859
     -7.100000      0.299599      0.299599      0.599197
     -7.075000      0.307648      0.307648      0.615296
     -7.050000      0.320174      0.320174      0.640349
     -7.025000      0.336129      0.336129      0.672259
     -7.000000      0.353416      0.353416      0.706832
     -6.975000      0.369522      0.369522      0.739044
     -6.950000      0.382387      0.382387      0.764775
     -6.925000      0.391017      0.391017      0.782034
     -6.900000      0.395557      0.395557      0.791115
     -6.875000      0.396903      0.396903      0.793805
     -6.850000      0.396164      0.396164      0.792327
     -6.825000      0.394280      0.394280      0.788560
     -6.800000      0.391874      0.391874      0.783749
     -6.775000      0.389287      0.389287      0.778575
     -6.750000      0.386676      0.386676      0.773351
     -6.725000      0.384099      0.384099      0.768198
     -6.700000      0.381576      0.381576      0.763151
     -6.675000      0.379109      0.379109      0.758219
     -6.650000      0.376699      0.376699      0.753398
     -6.625000      0.374342      0.374342      0.748685
     -6.600000      0.372037      0.372037      0.744074
     -6.575000      0.369781      0.369781      0.739563
     -6.550000      0.367573      0.367573      0.735145
     -6.525000      0.365410      0.365410      0.730819
     -6.500000      0.363290      0.363290      0.726580
     -6.475000      0.361212      0.361212      0.722425
     -6.450000      0.359175      0.359175      0.718350
     -6.425000      0.357176      0.357176      0.714352
     -6.400000      0.355214      0.355214      0.710428
     -6.375000      0.353288      0.353288      0.706576
     -6.350000      0.351397      0.351397      0.702794
     -6.325000      0.349539      0.349539      0.699079
     -6.300000      0.347714      0.347714      0.695429
     -6.275000      0.345921      0.345921      0.691842
     -6.250000      0.344158      0.344158      0.688316
     -6.225000      0.342425      0.342425      0.684849
     -6.200000      0.340720      0.340720      0.681440
     -6.175000      0.339043      0.339043      0.678086
     -6.150000      0.337393      0.337393      0.674785
     -6.125000      0.335768      0.335768      0.671537
     -6.100000      0.334169      0.334169      0.668339
     -6.075000      0.332595      0.332595      0.665191
     -6.050000      0.331045      0.331045      0.662091
     -6.025000      0.329519      0.329519      0.659038
     -6.000000      0.328015      0.328015      0.656031
     -5.975000      0.326534      0.326534      0.653069
     -5.950000      0.325075      0.325075      0.650150
     -5.925000      0.323637      0.323637      0.647274
     -5.900000      0.322219      0.322219      0.644439
     -5.875000      0.320822      0.320822      0.641645
     -5.850000      0.319445      0.319445      0.638890
     -5.825000      0.318087      0.318087      0.636175
     -5.800000      0.316748      0.316748      0.633497
     -5.775000      0.315428      0.315428      0.630856
     -5.750000      0.314126      0.314126      0.628252
     -5.725000      0.312842      0.312842      0.625684
     -5.700000      0.311576      0.311576      0.623151
     -5.675000      0.310326      0.310326      0.620653
     -5.650000      0.309094      0.309094      0.618188
     -5.625000      0.307878      0.307878      0.615756
     -5.600000      0.306679      0.306679      0.613357
     -5.575000      0.305495      0.305495      0.610990
     -5.550000      0.304327      0.304327      0.608654
     -5.525000      0.303175      0.303175      0.606349
     -5.500000      0.302037      0.302037      0.604074
     -5.475000      0.300915      0.300915      0.601830
     -5.450000      0.299807      0.299807      0.599614
     -5.425000      0.298714      0.298714      0.597428
     -5.400000      0.297635      0.297635      0.595270
     -5.375000      0.296570      0.296570      0.593141
     -5.350000      0.295520      0.295520      0.591039
     -5.325000      0.294483      0.294483      0.588965
     -5.300000      0.293460      0.293460      0.586919
     -5.275000      0.292450      0.292450      0.584899
     -5.250000      0.291453      0.291453      0.582906
     -5.225000      0.290470      0.290470      0.580939
     -5.200000      0.289499      0.289499      0.578998
     -5.175000      0.288541      0.288541      0.577082
     -5.150000      0.287596      0.287596      0.575192
     -5.125000      0.286663      0.286663      0.573327
     -5.100000      0.285743      0.285743      0.571486
     -5.075000      0.284835      0.284835      0.569671
     -5.050000      0.283940      0.283940      0.567879
     -5.025000      0.283056      0.283056      0.566112
     -5.000000      0.282185      0.282185      0.564369
     -4.975000      0.281325      0.281325      0.562651
     -4.950000      0.280478      0.280478      0.560956
     -4.925000      0.279642      0.279642      0.559285
     -4.900000      0.278818      0.278818      0.557637
     -4.875000      0.278006      0.278006      0.556011
     -4.850000      0.277203      0.277203      0.554406
     -4.825000      0.276406      0.276406      0.552813
     -4.800000      0.275602      0.275602      0.551204
     -4.775000      0.274748      0.274748      0.549496
     -4.750000      0.273738      0.273738      0.547476
     -4.725000      0.272337      0.272337      0.544674
     -4.700000      0.270109      0.270109      0.540217
     -4.675000      0.266377      0.266377      0.532754
     -4.650000      0.260313      0.260313      0.520626
     -4.625000      0.251204      0.251204      0.502408
     -4.600000      0.238845      0.238845      0.477691
     -4.575000      0.223869      0.223869      0.447739
     -4.550000      0.207745      0.207745      0.415490
     -4.525000      0.192364      0.192364      0.384728
     -4.500000      0.179387      0.179387      0.358775
     -4.475000      0.169724      0.169724      0.339448
     -4.450000      0.163392      0.163392      0.326784
     -4.425000      0.159767      0.159767      0.319533
     -4.400000      0.157987      0.157987      0.315974
     -4.375000      0.157284      0.157284      0.314568
     -4.350000      0.157125      0.157125      0.314250
     -4.325000      0.157206      0.157206      0.314412
     -4.300000      0.157382      0.157382      0.314765
     -4.275000      0.157594      0.157594      0.315187
     -4.250000      0.157819      0.157819      0.315639
     -4.225000      0.158053      0.158053      0.316106
     -4.200000      0.158294      0.158294      0.316587
     -4.175000      0.158540      0.158540      0.317080
     -4.150000      0.158793      0.158793      0.317586
     -4.125000      0.159053      0.159053      0.318106
     -4.100000      0.159319      0.159319      0.318638
     -4.075000      0.159592      0.159592      0.319185
     -4.050000      0.159873      0.159873      0.319746
     -4.025000      0.160161      0.160161      0.320322
     -4.000000      0.160457      0.160457      0.320913
     -3.975000      0.160760      0.160760      0.321521
     -3.950000      0.161072      0.161072      0.322145
     -3.925000      0.161393      0.161393      0.322786
     -3.900000      0.161722      0.161722      0.323445
     -3.875000      0.162061      0.162061      0.324122
     -3.850000      0.162409      0.162409      0.324819
     -3.825000      0.162768      0.162768      0.325535
     -3.800000      0.163136      0.163136      0.326272
     -3.775000      0.163515      0.163515      0.327030
     -3.750000      0.163905      0.163905      0.327811
     -3.725000      0.164307      0.164307      0.328614
     -3.700000      0.164720      0.164720      0.329441
     -3.675000      0.165146      0.165146      0.330293
     -3.650000      0.165585      0.165585      0.331171
     -3.625000      0.166038      0.166038      0.332076
     -3.600000      0.166505      0.166505      0.333010
     -3.575000      0.166987      0.166987      0.333973
     -3.550000      0.167484      0.167484      0.334967
     -3.525000      0.167997      0.167997      0.335994
     -3.500000      0.168527      0.168527      0.337055
     -3.475000      0.169076      0.169076      0.338151
     -3.450000      0.169642      0.169642      0.339284
     -3.425000      0.170228      0.170228      0.340457
     -3.400000      0.170835      0.170835      0.341670
     -3.375000      0.171463      0.171463      0.342927
     -3.350000      0.172114      0.172114      0.344229
     -3.325000      0.172790      0.172790      0.345579
     -3.300000      0.173490      0.173490      0.346980
     -3.275000      0.174218      0.174218      0.348435
     -3.250000      0.174973      0.174973      0.349947
     -3.225000      0.175759      0.175759      0.351519
     -3.200000      0.176578      0.176578      0.353155
     -3.175000      0.177430      0.177430      0.354859
     -3.150000      0.178318      0.178318      0.356636
     -3.125000      0.179245      0.179245      0.358490
     -3.100000      0.180213      0.180213      0.360426
     -3.075000      0.181225      0.181225      0.362451
     -3.050000      0.182285      0.182285      0.364571
     -3.025000      0.183396      0.183396      0.366793
     -3.000000      0.184563      0.184563      0.369125
     -2.975000      0.185788      0.185788      0.371577
     -2.950000      0.187079      0.187079      0.374158
     -2.925000      0.188440      0.188440      0.376880
     -2.900000      0.189878      0.189878      0.379756
     -2.875000      0.191400      0.191400      0.382800
     -2.850000      0.193015      0.193015      0.386030
     -2.825000      0.194732      0.194732      0.389464
     -2.800000      0.196563      0.196563      0.393127
     -2.775000      0.198521      0.198521      0.397043
     -2.750000      0.200622      0.200622      0.401244
     -2.725000      0.202883      0.202883      0.405767
     -2.700000      0.205329      0.205329      0.410657
     -2.675000      0.207985      0.207985      0.415971
     -2.650000      0.210888      0.210888      0.421776
     -2.625000      0.214081      0.214081      0.428163
     -2.600000      0.217624      0.217624      0.435248
     -2.575000      0.221597      0.221597      0.443194
     -2.550000      0.226115      0.226115      0.452231
     -2.525000      0.231349      0.231349      0.462698
     -2.500000      0.237543      0.237543      0.475086
     -2.475000      0.245023      0.245023      0.490045
     -2.450000      0.254146      0.254146      0.508292
     -2.425000      0.265143      0.265143      0.530285
     -2.400000      0.277830      0.277830      0.555659
     -2.375000      0.291287      0.291287      0.582575
     -2.350000      0.303718      0.303718      0.607435
     -2.325000      0.312724      0.312724      0.625449
     -2.300000      0.316064      0.316064      0.632128
     -2.275000      0.312550      0.312550      0.625100
     -2.250000      0.302591      0.302591      0.605182
     -2.225000      0.288017      0.288017      0.576033
     -2.200000      0.271300      0.271300      0.542599
     -2.175000      0.254658      0.254658      0.509315
     -2.150000      0.239499      0.239499      0.478998
     -2.125000      0.226362      0.226362      0.452724
     -2.100000      0.215180      0.215180      0.430360
     -2.075000      0.205614      0.205614      0.411229
     -2.050000      0.197290      0.197290      0.394580
     -2.025000      0.189899      0.189899      0.379798
     -2.000000      0.183221      0.183221      0.366442
     -1.975000      0.177104      0.177104      0.354207
     -1.950000      0.171442      0.171442      0.342884
     -1.925000      0.166161      0.166161      0.332321
     -1.900000      0.161203      0.161203      0.322406
     -1.875000      0.156525      0.156525      0.313049
     -1.850000      0.152091      0.152091      0.304182
     -1.825000      0.147874      0.147874      0.295749
     -1.800000      0.143850      0.143850      0.287701
     -1.775000      0.140000      0.140000      0.279999
     -1.750000      0.136305      0.136305      0.272611
     -1.725000      0.132753      0.132753      0.265506
     -1.700000      0.129330      0.129330      0.258661
     -1.675000      0.126027      0.126027      0.252053
     -1.650000      0.122832      0.122832      0.245665
     -1.625000      0.119739      0.119739      0.239479
     -1.600000      0.116740      0.116740      0.233480
     -1.575000      0.113828      0.113828      0.227655
     -1.550000      0.110996      0.110996      0.221993
     -1.525000      0.108241      0.108241      0.216482
     -1.500000      0.105557      0.105557      0.211114
     -1.475000      0.102939      0.102939      0.205879
     -1.450000      0.100385      0.100385      0.200769
     -1.425000      0.097889      0.097889      0.195777
     -1.400000      0.095449      0.095449      0.190897
     -1.375000      0.093061      0.093061      0.186122
     -1.350000      0.090723      0.090723      0.181446
     -1.325000      0.088432      0.088432      0.176864
     -1.300000      0.086185      0.086185      0.172371
     -1.275000      0.083981      0.083981      0.167963
     -1.250000      0.081817      0.081817      0.163635
     -1.225000      0.079692      0.079692      0.159384
     -1.200000      0.077603      0.077603      0.155206
     -1.175000      0.075549      0.075549      0.151097
     -1.150000      0.073527      0.073527      0.147055
     -1.125000      0.071538      0.071538      0.143076
     -1.100000      0.069578      0.069578      0.139157
     -1.075000      0.067648      0.067648      0.135296
     -1.050000      0.065745      0.065745      0.131490
     -1.025000      0.063869      0.063869      0.127737
     -1.000000      0.062017      0.062017      0.124035
     -0.975000      0.060190      0.060190      0.120381
     -0.950000      0.058387      0.058387      0.116773
     -0.925000      0.056605      0.056605      0.113210
     -0.900000      0.054844      0.054844      0.109689
     -0.875000      0.053104      0.053104      0.106208
     -0.850000      0.051384      0.051384      0.102767
     -0.825000      0.049682      0.049682      0.099363
     -0.800000      0.047998      0.047998      0.095995
     -0.775000      0.046331      0.046331      0.092661
     -0.750000      0.044680      0.044680      0.089360
     -0.725000      0.043045      0.043045      0.086091
     -0.700000      0.041426      0.041426      0.082851
     -0.675000      0.039820      0.039820      0.079641
     -0.650000      0.038229      0.038229      0.076458
     -0.625000      0.036651      0.036651      0.073301
     -0.600000      0.035085      0.035085      0.070170
     -0.575000      0.033531      0.033531      0.067062
     -0.550000      0.031989      0.031989      0.063978
     -0.525000      0.030458      0.030458      0.060915
     -0.500000      0.028937      0.028937      0.057874
     -0.475000      0.027426      0.027426      0.054852
     -0.450000      0.025925      0.025925      0.051849
     -0.425000      0.024432      0.024432      0.048864
     -0.400000      0.022948      0.022948      0.045897
     -0.375000      0.021472      0.021472      0.042945
     -0.350000      0.020004      0.020004      0.040008
     -0.325000      0.018543      0.018543      0.037085
     -0.300000      0.017088      0.017088      0.034176
     -0.275000      0.015640      0.015640      0.031280
     -0.250000      0.014198      0.014198      0.028396
     -0.225000      0.012762      0.012762      0.025524
     -0.200000      0.011334      0.011334      0.022668
     -0.175000      0.009918      0.009918      0.019836
     -0.150000      0.008526      0.008526      0.017052
     -0.125000      0.007181      0.007181      0.014362
     -0.100000      0.005924      0.005924      0.011848
     -0.075000      0.004818      0.004818      0.009635
     -0.050000      0.003940      0.003940      0.007879
     -0.025000      0.003371      0.003371      0.006741
      0.000000      0.003172      0.003172      0.006344
      0.025000      0.003366      0.003366      0.006732
      0.050000      0.003930      0.003930      0.007859
      0.075000      0.004800      0.004800      0.009601
      0.100000      0.005897      0.005897      0.011795
      0.125000      0.007142      0.007142      0.014284
      0.150000      0.008472      0.008472      0.016945
      0.175000      0.009847      0.009847      0.019694
      0.200000      0.011243      0.011243      0.022485
      0.225000      0.012648      0.012648      0.025296
      0.250000      0.014059      0.014059      0.028117
      0.275000      0.015473      0.015473      0.030946
      0.300000      0.016891      0.016891      0.033781
      0.325000      0.018312      0.018312      0.036625
      0.350000      0.019738      0.019738      0.039476
      0.375000      0.021169      0.021169      0.042338
      0.400000      0.022605      0.022605      0.045209
      0.425000      0.024046      0.024046      0.048092
      0.450000      0.025494      0.025494      0.050988
      0.475000      0.026948      0.026948      0.053897
      0.500000      0.028410      0.028410      0.056820
      0.525000      0.029880      0.029880      0.059759
      0.550000      0.031358      0.031358      0.062715
      0.575000      0.032845      0.032845      0.065690
      0.600000      0.034342      0.034342      0.068684
      0.625000      0.035849      0.035849      0.071698
      0.650000      0.037367      0.037367      0.074734
      0.675000      0.038897      0.038897      0.077794
      0.700000      0.040439      0.040439      0.080879
      0.725000      0.041995      0.041995      0.083989
      0.750000      0.043564      0.043564      0.087128
      0.775000      0.045149      0.045149      0.090297
      0.800000      0.046749      0.046749      0.093497
      0.825000      0.048365      0.048365      0.096731
      0.850000      0.050000      0.050000      0.099999
      0.875000      0.051653      0.051653      0.103305
      0.900000      0.053325      0.053325      0.106650
      0.925000      0.055018      0.055018      0.110037
      0.950000      0.056734      0.056734      0.113467
      0.975000      0.058472      0.058472      0.116944
      1.000000      0.060235      0.060235      0.120469
      1.025000      0.062023      0.062023      0.124047
      1.050000      0.063840      0.063840      0.127679
      1.075000      0.065685      0.065685      0.131370
      1.100000      0.067561      0.067561      0.135122
      1.125000      0.069470      0.069470      0.138940
      1.150000      0.071413      0.071413      0.142826
      1.175000      0.073393      0.073393      0.146786
      1.200000      0.075412      0.075412      0.150824
      1.225000      0.077472      0.077472      0.154944
      1.250000      0.079577      0.079577      0.159153
      1.275000      0.081728      0.081728      0.163455
      1.300000      0.083929      0.083929      0.167858
      1.325000      0.086183      0.086183      0.172367
      1.350000      0.088495      0.088495      0.176989
      1.375000      0.090867      0.090867      0.181735
      1.400000      0.093305      0.093305      0.186611
      1.425000      0.095814      0.095814      0.191628
      1.450000      0.098398      0.098398      0.196797
      1.475000      0.101065      0.101065      0.202130
      1.500000      0.103821      0.103821      0.207641
      1.525000      0.106672      0.106672      0.213345
      1.550000      0.109629      0.109629      0.219259
      1.575000      0.112701      0.112701      0.225401
      1.600000      0.115897      0.115897      0.231795
      1.625000      0.119232      0.119232      0.238465
      1.650000      0.122721      0.122721      0.245442
      1.675000      0.126379      0.126379      0.252759
      1.700000      0.130228      0.130228      0.260457
      1.725000      0.134292      0.134292      0.268584
      1.750000      0.138600      0.138600      0.277199
      1.775000      0.143186      0.143186      0.286373
      1.800000      0.148097      0.148097      0.296194
      1.825000      0.153390      0.153390      0.306781
      1.850000      0.159143      0.159143      0.318286
      1.875000      0.165461      0.165461      0.330922
      1.900000      0.172500      0.172500      0.345000
      1.925000      0.180483      0.180483      0.360966
      1.950000      0.189723      0.189723      0.379445
      1.975000      0.200601      0.200601      0.401203
      2.000000      0.213470      0.213470      0.426940
      2.025000      0.228412      0.228412      0.456824
      2.050000      0.244904      0.244904      0.489808
      2.075000      0.261545      0.261545      0.523090
      2.100000      0.276105      0.276105      0.552209
      2.125000      0.286073      0.286073      0.572147
      2.150000      0.289566      0.289566      0.579133
      2.175000      0.286124      0.286124      0.572247
      2.200000      0.276905      0.276905      0.553811
      2.225000      0.264162      0.264162      0.528323
      2.250000      0.250318      0.250318      0.500637
      2.275000      0.237215      0.237215      0.474430
      2.300000      0.225803      0.225803      0.451605
      2.325000      0.216281      0.216281      0.432562
      2.350000      0.208425      0.208425      0.416850
      2.375000      0.201875      0.201875      0.403750
      2.400000      0.196301      0.196301      0.392603
      2.425000      0.191454      0.191454      0.382908
      2.450000      0.187160      0.187160      0.374320
      2.475000      0.183302      0.183302      0.366605
      2.500000      0.179800      0.179800      0.359600
      2.525000      0.176592      0.176592      0.353183
      2.550000      0.173632      0.173632      0.347265
      2.575000      0.170888      0.170888      0.341776
      2.600000      0.168330      0.168330      0.336661
      2.625000      0.165936      0.165936      0.331872
      2.650000      0.163686      0.163686      0.327371
      2.675000      0.161564      0.161564      0.323129
      2.700000      0.159560      0.159560      0.319119
      2.725000      0.157658      0.157658      0.315317
      2.750000      0.155851      0.155851      0.311702
      2.775000      0.154129      0.154129      0.308258
      2.800000      0.152487      0.152487      0.304973
      2.825000      0.150916      0.150916      0.301831
      2.850000      0.149409      0.149409      0.298819
      2.875000      0.147964      0.147964      0.295929
      2.900000      0.146577      0.146577      0.293154
      2.925000      0.145242      0.145242      0.290483
      2.950000      0.143954      0.143954      0.287908
      2.975000      0.142712      0.142712      0.285423
      3.000000      0.141513      0.141513      0.283026
      3.025000      0.140354      0.140354      0.280708
      3.050000      0.139231      0.139231      0.278462
      3.075000      0.138143      0.138143      0.276286
      3.100000      0.137089      0.137089      0.274178
      3.125000      0.136067      0.136067      0.272133
      3.150000      0.135072      0.135072      0.270144
      3.175000      0.134105      0.134105      0.268209
      3.200000      0.133165      0.133165      0.266330
      3.225000      0.132251      0.132251      0.264501
      3.250000      0.131359      0.131359      0.262717
      3.275000      0.130488      0.130488      0.260976
      3.300000      0.129641      0.129641      0.259281
      3.325000      0.128814      0.128814      0.257629
      3.350000      0.128006      0.128006      0.256013
      3.375000      0.127216      0.127216      0.254431
      3.400000      0.126444      0.126444      0.252888
      3.425000      0.125690      0.125690      0.251381
      3.450000      0.124952      0.124952      0.249905
      3.475000      0.124228      0.124228      0.248456
      3.500000      0.123519      0.123519      0.247039
      3.525000      0.122827      0.122827      0.245654
      3.550000      0.122148      0.122148      0.244296
      3.575000      0.121480      0.121480      0.242961
      3.600000      0.120825      0.120825      0.241651
      3.625000      0.120185      0.120185      0.240369
      3.650000      0.119556      0.119556      0.239112
      3.675000      0.118937      0.118937      0.237874
      3.700000      0.118328      0.118328      0.236655
      3.725000      0.117731      0.117731      0.235463
      3.750000      0.117146      0.117146      0.234293
      3.775000      0.116569      0.116569      0.233139
      3.800000      0.116000      0.116000      0.232001
      3.825000      0.115442      0.115442      0.230884
      3.850000      0.114895      0.114895      0.229789
      3.875000      0.114355      0.114355      0.228710
      3.900000      0.113821      0.113821      0.227643
      3.925000      0.113296      0.113296      0.226593
      3.950000      0.112782      0.112782      0.225564
      3.975000      0.112275      0.112275      0.224551
      4.000000      0.111773      0.111773      0.223547
      4.025000      0.111278      0.111278      0.222556
      4.050000      0.110792      0.110792      0.221585
      4.075000      0.110315      0.110315      0.220630
      4.100000      0.109842      0.109842      0.219683
      4.125000      0.109373      0.109373      0.218746
      4.150000      0.108912      0.108912      0.217824
      4.175000      0.108460      0.108460      0.216920
      4.200000      0.108013      0.108013      0.216025
      4.225000      0.107568      0.107568      0.215136
      4.250000      0.107130      0.107130      0.214260
      4.275000      0.106700      0.106700      0.213400
      4.300000      0.106276      0.106276      0.212552
      4.325000      0.105855      0.105855      0.211709
      4.350000      0.105437      0.105437      0.210873
      4.375000      0.105026      0.105026      0.210053
      4.400000      0.104623      0.104623      0.209246
      4.425000      0.104223      0.104223      0.208445
      4.450000      0.103824      0.103824      0.207648
      4.475000      0.103432      0.103432      0.206863
      4.500000      0.103047      0.103047      0.206093
      4.525000      0.102666      0.102666      0.205332
      4.550000      0.102286      0.102286      0.204571
      4.575000      0.101909      0.101909      0.203818
      4.600000      0.101540      0.101540      0.203080
      4.625000      0.101176      0.101176      0.202352
      4.650000      0.100814      0.100814      0.201627
      4.675000      0.100452      0.100452      0.200905
      4.700000      0.100097      0.100097      0.200194
      4.725000      0.099748      0.099748      0.199497
      4.750000      0.099402      0.099402      0.198805
      4.775000      0.099056      0.099056      0.198113
      4.800000      0.098714      0.098714      0.197428
      4.825000      0.098378      0.098378      0.196757
      4.850000      0.098047      0.098047      0.196094
      4.875000      0.097716      0.097716      0.195432
      4.900000      0.097386      0.097386      0.194772
      4.925000      0.097062      0.097062      0.194123
      4.950000      0.096744      0.096744      0.193487
      4.975000      0.096427      0.096427      0.192854
      5.000000      0.096110      0.096110      0.192219
