               -476.7815532615
         -0.000064620      -0.000000000       0.000000000
         -0.000000000      -0.000064620      -0.000000000
         -0.000000000      -0.000000000      -0.000093003
          40
  1     6       0.015995578      -0.000000004      -0.010704560  C
  1     6       0.016385018       0.004047292       0.010739475  C
  1     6       0.010345708       0.010129429      -0.010851800  C
  1     6       0.010129429       0.010345708       0.010851801  C
  1     6       0.004047293       0.016385018      -0.010739475  C
  1     6      -0.000000004       0.015995578       0.010704560  C
  1     6      -0.004047290       0.016385019      -0.010739474  C
  1     6      -0.010129429       0.010345708       0.010851800  C
  1     6      -0.010345708       0.010129429      -0.010851801  C
  1     6      -0.016385018       0.004047292       0.010739475  C
  1     6      -0.015995578      -0.000000004      -0.010704560  C
  1     6      -0.016385019      -0.004047290       0.010739474  C
  1     6      -0.010345708      -0.010129429      -0.010851800  C
  1     6      -0.010129429      -0.010345708       0.010851800  C
  1     6      -0.004047290      -0.016385019      -0.010739474  C
  1     6      -0.000000004      -0.015995578       0.010704560  C
  1     6       0.004047292      -0.016385018      -0.010739475  C
  1     6       0.010129429      -0.010345708       0.010851801  C
  1     6       0.010345708      -0.010129429      -0.010851800  C
  1     6       0.016385019      -0.004047290       0.010739473  C
  1     6       0.015995578      -0.000000004       0.010704560  C
  1     6       0.016385018       0.004047292      -0.010739475  C
  1     6       0.010345708       0.010129429       0.010851800  C
  1     6       0.010129429       0.010345708      -0.010851801  C
  1     6       0.004047293       0.016385018       0.010739475  C
  1     6      -0.000000004       0.015995578      -0.010704560  C
  1     6      -0.004047290       0.016385019       0.010739474  C
  1     6      -0.010129429       0.010345708      -0.010851801  C
  1     6      -0.010345708       0.010129429       0.010851801  C
  1     6      -0.016385018       0.004047292      -0.010739475  C
  1     6      -0.015995578      -0.000000004       0.010704560  C
  1     6      -0.016385019      -0.004047290      -0.010739474  C
  1     6      -0.010345708      -0.010129429       0.010851800  C
  1     6      -0.010129429      -0.010345708      -0.010851801  C
  1     6      -0.004047290      -0.016385019       0.010739474  C
  1     6      -0.000000004      -0.015995578      -0.010704560  C
  1     6       0.004047292      -0.016385018       0.010739475  C
  1     6       0.010129429      -0.010345708      -0.010851801  C
  1     6       0.010345708      -0.010129429       0.010851800  C
  1     6       0.016385019      -0.004047290      -0.010739474  C
