     1  1  0.01000000      82
     2  1  0.02000000      82
     3  1  0.02000000      82
     4  1  0.02000000      82
     5  1  0.02000000      82
     6  1  0.02000000      80
     7  1  0.02000000      80
     8  1  0.02000000      80
     9  1  0.02000000      80
    10  1  0.02000000      80
    11  1  0.02000000      80
    12  1  0.02000000      80
    13  1  0.02000000      80
    14  1  0.02000000      80
    15  1  0.02000000      80
    16  1  0.02000000      80
    17  1  0.02000000      80
    18  1  0.02000000      80
    19  1  0.02000000      80
    20  1  0.02000000      80
    21  1  0.02000000      80
    22  1  0.02000000      80
    23  1  0.02000000      80
    24  1  0.02000000      80
    25  1  0.02000000      80
    26  1  0.02000000      80
    27  1  0.02000000      80
    28  1  0.02000000      80
    29  1  0.02000000      80
    30  1  0.02000000      80
    31  1  0.02000000      80
    32  1  0.02000000      80
    33  1  0.02000000      80
    34  1  0.02000000      80
    35  1  0.02000000      80
    36  1  0.02000000      80
    37  1  0.02000000      80
    38  1  0.02000000      80
    39  1  0.02000000      80
    40  1  0.02000000      80
    41  1  0.02000000      80
    42  1  0.02000000      80
    43  1  0.02000000      80
    44  1  0.02000000      80
    45  1  0.02000000      80
    46  1  0.02000000      80
    47  1  0.02000000      80
    48  1  0.02000000      80
    49  1  0.02000000      80
    50  1  0.02000000      80
    51  1  0.01000000      80
